32460 32000
32460 32001
32460 32002
32460 32003
32460 32004
32460 32005
32460 32006
32460 32007
32460 32008
32460 32009
32460 32010
32460 32011
32460 32012
32460 32013
32460 32014
32460 32015
32460 32016
32460 32017
32460 32018
32460 32019
32460 32020
32460 32021
32460 32022
32460 32023
32460 32024
32460 32025
32460 32026
32460 32027
32460 32028
32460 32029
32460 32030
32460 32031
32460 32032
32460 32033
32460 32034
32460 32035
32460 32036
32460 32037
32460 32038
32460 32039
32460 32040
32460 32041
32460 32042
32460 32043
32460 32044
32460 32045
32460 32046
32460 32047
32460 32048
32460 32049
32460 32050
32460 32051
32460 32052
32460 32053
32460 32054
32460 32055
32460 32056
32460 32057
32460 32058
32460 32059
32460 32060
32460 32061
32460 32062
32460 32063
32460 32064
32460 32065
32460 32066
32460 32067
32460 32068
32460 32069
32460 32070
32460 32071
32460 32072
32460 32073
32460 32074
32460 32075
32460 32076
32460 32077
32460 32078
32460 32079
32460 32080
32460 32081
32460 32082
32460 32083
32460 32084
32460 32085
32460 32086
32460 32087
32460 32088
32460 32089
32460 32090
32460 32091
32460 32092
32460 32093
32460 32094
32460 32095
32460 32096
32460 32097
32460 32098
32460 32099
32460 32100
32460 32101
32460 32102
32460 32103
32460 32104
32460 32105
32460 32106
32460 32107
32460 32108
32460 32109
32460 32110
32460 32111
32460 32112
32460 32113
32460 32114
32460 32115
32460 32116
32460 32117
32460 32118
32460 32119
32460 32120
32460 32121
32460 32122
32460 32123
32460 32124
32460 32125
32460 32126
32460 32127
32460 32128
32460 32129
32460 32130
32460 32131
32460 32132
32460 32133
32460 32134
32460 32135
32460 32136
32460 32137
32460 32138
32460 32139
32460 32140
32460 32141
32460 32142
32460 32143
32460 32144
32460 32145
32460 32146
32460 32147
32460 32148
32460 32149
32460 32150
32460 32151
32460 32152
32460 32153
32460 32154
32460 32155
32460 32156
32460 32157
32460 32158
32460 32159
32460 32160
32460 32161
32460 32162
32460 32163
32460 32164
32460 32165
32460 32166
32460 32167
32460 32168
32460 32169
32460 32170
32460 32171
32460 32172
32460 32173
32460 32174
32460 32175
32460 32176
32460 32177
32460 32178
32460 32179
32460 32180
32460 32181
32460 32182
32460 32183
32460 32184
32460 32185
32460 32186
32460 32187
32460 32188
32460 32189
32460 32190
32460 32191
32460 32192
32460 32193
32460 32194
32460 32195
32460 32196
32460 32197
32460 32198
32460 32199
32460 32200
32460 32201
32460 32202
32460 32203
32460 32204
32460 32205
32460 32206
32460 32207
32460 32208
32460 32209
32460 32210
32460 32211
32460 32212
32460 32213
32460 32214
32460 32215
32460 32216
32460 32217
32460 32218
32460 32219
32460 32220
32460 32221
32460 32222
32460 32223
32460 32224
32460 32225
32460 32226
32460 32227
32460 32228
32460 32229
32460 32230
32460 32231
32460 32232
32460 32233
32460 32234
32460 32235
32460 32236
32460 32237
32460 32238
32460 32239
32460 32240
32460 32241
32460 32242
32460 32243
32460 32244
32460 32245
32460 32246
32460 32247
32460 32248
32460 32249
32460 32250
32460 32251
32460 32252
32460 32253
32460 32254
32460 32255
32460 32256
32460 32257
32460 32258
32460 32259
32460 32260
32460 32261
32460 32262
32460 32263
32460 32264
32460 32265
32460 32266
32460 32267
32460 32268
32460 32269
32460 32270
32460 32271
32460 32272
32460 32273
32460 32274
32460 32275
32460 32276
32460 32277
32460 32278
32460 32279
32460 32280
32460 32281
32460 32282
32460 32283
32460 32284
32460 32285
32460 32286
32460 32287
32460 32288
32460 32289
32460 32290
32460 32291
32460 32292
32460 32293
32460 32294
32460 32295
32460 32296
32460 32297
32460 32298
32460 32299
32460 32300
32460 32301
32460 32302
32460 32303
32460 32304
32460 32305
32460 32306
32460 32307
32460 32308
32460 32309
32460 32310
32460 32311
32460 32312
32460 32313
32460 32314
32460 32315
32460 32316
32460 32317
32460 32318
32460 32319
32460 32320
32460 32321
32460 32322
32460 32323
32460 32324
32460 32325
32460 32326
32460 32327
32460 32328
32460 32329
32460 32330
32460 32331
32460 32332
32460 32333
32460 32334
32460 32335
32460 32336
32460 32337
32460 32338
32460 32339
32460 32340
32460 32341
32460 32342
32460 32343
32460 32344
32460 32345
32460 32346
32460 32347
32460 32348
32460 32349
32460 32350
32460 32351
32460 32352
32460 32353
32460 32354
32460 32355
32460 32356
32460 32357
32460 32358
32460 32359
32460 32360
32460 32361
32460 32362
32460 32363
32460 32364
32460 32365
32460 32366
32460 32367
32460 32368
32460 32369
32460 32370
32460 32371
32460 32372
32460 32373
32460 32374
32460 32375
32460 32376
32460 32377
32460 32378
32460 32379
32460 32380
32460 32381
32460 32382
32460 32383
32460 32384
32460 32385
32460 32386
32460 32387
32460 32388
32460 32389
32460 32390
32460 32391
32460 32392
32460 32393
32460 32394
32460 32395
32460 32396
32460 32397
32460 32398
32460 32399
32460 32400
32460 32401
32460 32402
32460 32403
32460 32404
32460 32405
32460 32406
32460 32407
32460 32408
32460 32409
32460 32410
32460 32411
32460 32412
32460 32413
32460 32414
32460 32415
32460 32416
32460 32417
32460 32418
32460 32419
32460 32420
32460 32421
32460 32422
32460 32423
32460 32424
32460 32425
32460 32426
32460 32427
32460 32428
32460 32429
32460 32430
32460 32431
32460 32432
32460 32433
32460 32434
32460 32435
32460 32436
32460 32437
32460 32438
32460 32439
32460 32440
32460 32441
32460 32442
32460 32443
32460 32444
32460 32445
32460 32446
32460 32447
32460 32448
32460 32449
32460 32450
32460 32451
32460 32452
32460 32453
32460 32454
32460 32455
32460 32456
32460 32457
32460 32458
32460 32459
32460 32460
